----- 1 -----
vs=1, sel=0.01
0.01
1.0
Branched: 53933333.3333
>>> B:53933333.3333	25000000.0	1	0.01
1.0
1.0
No Branch: 78333333.3333
>>> N:78333333.3333	25000000.0	1	0.01
1.0
1.0
Vector: 28541666.6667
>>> V:28541666.6667	25000000.0	1	0.01
vs=1, sel=0.1
0.1
1.0
Branched: 74333333.3333
>>> B:74333333.3333	25000000.0	1	0.1
1.0
1.0
No Branch: 78333333.3333
>>> N:78333333.3333	25000000.0	1	0.1
1.0
1.0
Vector: 28541666.6667
>>> V:28541666.6667	25000000.0	1	0.1
vs=1, sel=0.25
0.25
1.0
Branched: 108333333.333
>>> B:108333333.333	25000000.0	1	0.25
1.0
1.0
No Branch: 78333333.3333
>>> N:78333333.3333	25000000.0	1	0.25
1.0
1.0
Vector: 28541666.6667
>>> V:28541666.6667	25000000.0	1	0.25
vs=1, sel=0.5
0.5
1.0
Branched: 165000000.0
>>> B:165000000.0	25000000.0	1	0.5
1.0
1.0
No Branch: 78333333.3333
>>> N:78333333.3333	25000000.0	1	0.5
1.0
1.0
Vector: 28541666.6667
>>> V:28541666.6667	25000000.0	1	0.5
vs=1, sel=0.75
0.75
1.0
Branched: 121666666.667
>>> B:121666666.667	25000000.0	1	0.75
1.0
1.0
No Branch: 78333333.3333
>>> N:78333333.3333	25000000.0	1	0.75
1.0
1.0
Vector: 28541666.6667
>>> V:28541666.6667	25000000.0	1	0.75
vs=1, sel=0.9
1.0
0.9
Branched: 95666666.6667
>>> B:95666666.6667	25000000.0	1	0.9
1.0
1.0
No Branch: 78333333.3333
>>> N:78333333.3333	25000000.0	1	0.9
1.0
1.0
Vector: 28541666.6667
>>> V:28541666.6667	25000000.0	1	0.9
vs=1, sel=1.0
1.0
1.0
Branched: 78333333.3333
>>> B:78333333.3333	25000000.0	1	1.0
1.0
1.0
No Branch: 78333333.3333
>>> N:78333333.3333	25000000.0	1	1.0
1.0
1.0
Vector: 28541666.6667
>>> V:28541666.6667	25000000.0	1	1.0
----- 10 -----
vs=10, sel=0.01
0.01
0.01
1.0
0.01
0.01
0.01
0.01
0.01
0.01
0.01
0.01
Branched: 56333333.3333
>>> B:56333333.3333	25000000.0	10	0.01
1.0
1.0
1.0
1.0
1.0
1.0
1.0
1.0
1.0
1.0
1.0
No Branch: 318333333.333
>>> N:318333333.333	25000000.0	10	0.01
1.0
1.0
1.0
1.0
1.0
1.0
1.0
1.0
1.0
1.0
1.0
Vector: 142916666.667
>>> V:142916666.667	25000000.0	10	0.01
vs=10, sel=0.1
0.1
0.1
1.0
0.1
0.1
0.1
0.1
0.1
0.1
0.1
0.1
Branched: 98333333.3333
>>> B:98333333.3333	25000000.0	10	0.1
1.0
1.0
1.0
1.0
1.0
1.0
1.0
1.0
1.0
1.0
1.0
No Branch: 318333333.333
>>> N:318333333.333	25000000.0	10	0.1
1.0
1.0
1.0
1.0
1.0
1.0
1.0
1.0
1.0
1.0
1.0
Vector: 142916666.667
>>> V:142916666.667	25000000.0	10	0.1
vs=10, sel=0.25
0.25
0.25
0.25
0.25
0.25
1.0
0.25
0.25
0.25
0.25
0.25
Branched: 168333333.333
>>> B:168333333.333	25000000.0	10	0.25
1.0
1.0
1.0
1.0
1.0
1.0
1.0
1.0
1.0
1.0
1.0
No Branch: 318333333.333
>>> N:318333333.333	25000000.0	10	0.25
1.0
1.0
1.0
1.0
1.0
1.0
1.0
1.0
1.0
1.0
1.0
Vector: 142916666.667
>>> V:142916666.667	25000000.0	10	0.25
vs=10, sel=0.5
0.5
0.5
0.5
0.5
0.5
0.5
1.0
0.5
0.5
0.5
0.5
Branched: 285000000.0
>>> B:285000000.0	25000000.0	10	0.5
1.0
1.0
1.0
1.0
1.0
1.0
1.0
1.0
1.0
1.0
1.0
No Branch: 318333333.333
>>> N:318333333.333	25000000.0	10	0.5
1.0
1.0
1.0
1.0
1.0
1.0
1.0
1.0
1.0
1.0
1.0
Vector: 142916666.667
>>> V:142916666.667	25000000.0	10	0.5
vs=10, sel=0.75
0.75
0.75
1.0
0.75
0.75
0.75
0.75
0.75
0.75
0.75
0.75
Branched: 301666666.667
>>> B:301666666.667	25000000.0	10	0.75
1.0
1.0
1.0
1.0
1.0
1.0
1.0
1.0
1.0
1.0
1.0
No Branch: 318333333.333
>>> N:318333333.333	25000000.0	10	0.75
1.0
1.0
1.0
1.0
1.0
1.0
1.0
1.0
1.0
1.0
1.0
Vector: 142916666.667
>>> V:142916666.667	25000000.0	10	0.75
vs=10, sel=0.9
0.9
0.9
0.9
0.9
0.9
0.9
1.0
0.9
0.9
0.9
0.9
Branched: 311666666.667
>>> B:311666666.667	25000000.0	10	0.9
1.0
1.0
1.0
1.0
1.0
1.0
1.0
1.0
1.0
1.0
1.0
No Branch: 318333333.333
>>> N:318333333.333	25000000.0	10	0.9
1.0
1.0
1.0
1.0
1.0
1.0
1.0
1.0
1.0
1.0
1.0
Vector: 142916666.667
>>> V:142916666.667	25000000.0	10	0.9
vs=10, sel=1.0
1.0
1.0
1.0
1.0
1.0
1.0
1.0
1.0
1.0
1.0
1.0
Branched: 318333333.333
>>> B:318333333.333	25000000.0	10	1.0
1.0
1.0
1.0
1.0
1.0
1.0
1.0
1.0
1.0
1.0
1.0
No Branch: 318333333.333
>>> N:318333333.333	25000000.0	10	1.0
1.0
1.0
1.0
1.0
1.0
1.0
1.0
1.0
1.0
1.0
1.0
Vector: 142916666.667
>>> V:142916666.667	25000000.0	10	1.0
