----- 10 -----
n=250000000.0, b=10, p=0.01
0.01
1.0
0.01
1.0
0.01
1.0
1.0
1.0
0.01
186554185.606
Global: 186554185.606
>>> G:186554185.606	250000000.0	10	0.01
1.0
1.0
1.0
0.01
1.0
0.01
0.01
0.01
1.0
163231060.606
1.0
154.536862004
Local: 163231215.143
>>> L:163231215.143	250000000.0	10	0.01
n=250000000.0, b=10, p=0.1
0.1
0.1
1.0
0.1
0.1
1.0
1.0
1.0
1.0
420087310.606
Global: 420087310.606
>>> G:420087310.606	250000000.0	10	0.1
1.0
1.0
0.1
1.0
1.0
0.1
1.0
0.1
0.1
186856060.606
1.0
154.536862004
Local: 186856215.143
>>> L:186856215.143	250000000.0	10	0.1
n=250000000.0, b=10, p=0.5
0.5
0.5
1.0
0.5
1.0
1.0
1.0
0.5
1.0
1458012310.61
Global: 1458012310.61
>>> G:1458012310.61	250000000.0	10	0.5
1.0
1.0
0.5
0.5
0.5
1.0
1.0
1.0
0.5
291856060.606
1.0
154.536862004
Local: 291856215.143
>>> L:291856215.143	250000000.0	10	0.5
n=250000000.0, b=10, p=0.75
1.0
1.0
1.0
0.75
1.0
0.75
1.0
0.75
0.75
2106715435.61
Global: 2106715435.61
>>> G:2106715435.61	250000000.0	10	0.75
1.0
1.0
1.0
0.75
0.75
0.75
1.0
1.0
0.75
357481060.606
1.0
154.536862004
Local: 357481215.143
>>> L:357481215.143	250000000.0	10	0.75
n=250000000.0, b=10, p=1.0
1.0
1.0
1.0
1.0
1.0
1.0
1.0
1.0
1.0
2755418560.61
Global: 2755418560.61
>>> G:2755418560.61	250000000.0	10	1.0
1.0
1.0
1.0
1.0
1.0
1.0
1.0
1.0
1.0
423106060.606
1.0
154.536862004
Local: 423106215.143
>>> L:423106215.143	250000000.0	10	1.0
----- 100 -----
n=250000000.0, b=100, p=0.01
1.0
1.0
1.0
0.01
1.0
0.01
0.01
0.01
1.0
180844885.419
Global: 180844885.419
>>> G:180844885.419	250000000.0	100	0.01
0.01
0.01
1.0
0.01
1.0
0.01
1.0
1.0
1.0
163231060.606
1.0
1545.36862004
Local: 163232605.975
>>> L:163232605.975	250000000.0	100	0.01
n=250000000.0, b=100, p=0.1
1.0
1.0
0.1
1.0
1.0
1.0
0.1
0.1
0.1
362994308.731
Global: 362994308.731
>>> G:362994308.731	250000000.0	100	0.1
1.0
0.1
1.0
1.0
1.0
1.0
0.1
0.1
0.1
186856060.606
1.0
1545.36862004
Local: 186857605.975
>>> L:186857605.975	250000000.0	100	0.1
n=250000000.0, b=100, p=0.5
0.5
1.0
1.0
1.0
0.5
0.5
1.0
0.5
1.0
1172547301.23
Global: 1172547301.23
>>> G:1172547301.23	250000000.0	100	0.5
1.0
0.5
1.0
0.5
0.5
0.5
1.0
1.0
1.0
291856060.606
1.0
1545.36862004
Local: 291857605.975
>>> L:291857605.975	250000000.0	100	0.5
n=250000000.0, b=100, p=0.75
1.0
1.0
0.75
0.75
1.0
0.75
0.75
1.0
1.0
1678517921.54
Global: 1678517921.54
>>> G:1678517921.54	250000000.0	100	0.75
0.75
1.0
0.75
1.0
1.0
1.0
0.75
0.75
1.0
357481060.606
1.0
1545.36862004
Local: 357482605.975
>>> L:357482605.975	250000000.0	100	0.75
n=250000000.0, b=100, p=1.0
1.0
1.0
1.0
1.0
1.0
1.0
1.0
1.0
1.0
2184488541.86
Global: 2184488541.86
>>> G:2184488541.86	250000000.0	100	1.0
1.0
1.0
1.0
1.0
1.0
1.0
1.0
1.0
1.0
423106060.606
1.0
1545.36862004
Local: 423107605.975
>>> L:423107605.975	250000000.0	100	1.0
----- 1000 -----
n=250000000.0, b=1000, p=0.01
1.0
0.01
0.01
1.0
1.0
1.0
0.01
1.0
0.01
180180948.181
Global: 180180948.181
>>> G:180180948.181	250000000.0	1000	0.01
1.0
0.01
1.0
0.01
1.0
1.0
1.0
0.01
0.01
163231060.606
1.0
15453.6862004
Local: 163246514.292
>>> L:163246514.292	250000000.0	1000	0.01
n=250000000.0, b=1000, p=0.1
0.1
1.0
1.0
0.1
1.0
1.0
0.1
0.1
1.0
356354936.356
Global: 356354936.356
>>> G:356354936.356	250000000.0	1000	0.1
0.1
0.1
1.0
1.0
0.1
0.1
1.0
1.0
1.0
186856060.606
1.0
15453.6862004
Local: 186871514.292
>>> L:186871514.292	250000000.0	1000	0.1
n=250000000.0, b=1000, p=0.5
1.0
1.0
0.5
1.0
1.0
0.5
0.5
0.5
1.0
1139350439.36
Global: 1139350439.36
>>> G:1139350439.36	250000000.0	1000	0.5
0.5
1.0
0.5
1.0
0.5
0.5
1.0
1.0
1.0
291856060.606
1.0
15453.6862004
Local: 291871514.292
>>> L:291871514.292	250000000.0	1000	0.5
n=250000000.0, b=1000, p=0.75
0.75
0.75
0.75
1.0
1.0
0.75
1.0
1.0
1.0
1628722628.73
Global: 1628722628.73
>>> G:1628722628.73	250000000.0	1000	0.75
0.75
1.0
1.0
0.75
0.75
1.0
0.75
1.0
1.0
357481060.606
1.0
15453.6862004
Local: 357496514.292
>>> L:357496514.292	250000000.0	1000	0.75
n=250000000.0, b=1000, p=1.0
1.0
1.0
1.0
1.0
1.0
1.0
1.0
1.0
1.0
2118094818.1
Global: 2118094818.1
>>> G:2118094818.1	250000000.0	1000	1.0
1.0
1.0
1.0
1.0
1.0
1.0
1.0
1.0
1.0
423106060.606
1.0
15453.6862004
Local: 423121514.292
>>> L:423121514.292	250000000.0	1000	1.0
----- 10000 -----
n=250000000.0, b=10000, p=0.01
1.0
1.0
0.01
1.0
0.01
1.0
1.0
0.01
0.01
180863559.481
Global: 180863559.481
>>> G:180863559.481	250000000.0	10000	0.01
0.01
0.01
1.0
1.0
1.0
1.0
0.01
0.01
1.0
166231060.606
1.0
156857.142857
Local: 166387917.749
>>> L:166387917.749	250000000.0	10000	0.01
n=250000000.0, b=10000, p=0.1
0.1
1.0
1.0
0.1
1.0
1.0
0.1
0.1
1.0
363181049.357
Global: 363181049.357
>>> G:363181049.357	250000000.0	10000	0.1
0.1
0.1
1.0
1.0
1.0
1.0
1.0
0.1
0.1
216856060.606
1.0
156857.142857
Local: 217012917.749
>>> L:217012917.749	250000000.0	10000	0.1
n=250000000.0, b=10000, p=0.5
1.0
1.0
1.0
1.0
0.5
0.5
0.5
0.5
1.0
1173481004.36
Global: 1173481004.36
>>> G:1173481004.36	250000000.0	10000	0.5
1.0
0.5
1.0
1.0
0.5
1.0
1.0
0.5
0.5
441856060.606
1.0
156857.142857
Local: 442012917.749
>>> L:442012917.749	250000000.0	10000	0.5
n=250000000.0, b=10000, p=0.75
1.0
0.75
1.0
1.0
0.75
0.75
1.0
0.75
1.0
1679918476.24
Global: 1679918476.24
>>> G:1679918476.24	250000000.0	10000	0.75
1.0
1.0
1.0
0.75
1.0
0.75
0.75
0.75
1.0
582481060.606
1.0
156857.142857
Local: 582637917.749
>>> L:582637917.749	250000000.0	10000	0.75
n=250000000.0, b=10000, p=1.0
1.0
1.0
1.0
1.0
1.0
1.0
1.0
1.0
1.0
2186355948.11
Global: 2186355948.11
>>> G:2186355948.11	250000000.0	10000	1.0
1.0
1.0
1.0
1.0
1.0
1.0
1.0
1.0
1.0
723106060.606
1.0
156857.142857
Local: 723262917.749
>>> L:723262917.749	250000000.0	10000	1.0
----- 100000 -----
n=250000000.0, b=100000, p=0.01
0.01
1.0
1.0
1.0
1.0
1.0
0.01
0.01
0.01
186256810.595
Global: 186256810.595
>>> G:186256810.595	250000000.0	100000	0.01
1.0
0.01
1.0
1.0
0.01
1.0
0.01
1.0
0.01
173206060.606
1.0
1700000.0
Local: 174906060.606
>>> L:174906060.606	250000000.0	100000	0.01
n=250000000.0, b=100000, p=0.1
1.0
0.1
1.0
0.1
1.0
0.1
1.0
0.1
1.0
417113560.494
Global: 417113560.494
>>> G:417113560.494	250000000.0	100000	0.1
1.0
1.0
1.0
1.0
0.1
1.0
0.1
0.1
0.1
286606060.606
1.0
1700000.0
Local: 288306060.606
>>> L:288306060.606	250000000.0	100000	0.1
n=250000000.0, b=100000, p=0.5
1.0
1.0
0.5
0.5
0.5
0.5
1.0
1.0
1.0
1443143560.04
Global: 1443143560.04
>>> G:1443143560.04	250000000.0	100000	0.5
1.0
0.5
1.0
1.0
0.5
1.0
0.5
0.5
1.0
790606060.606
1.0
1700000.0
Local: 792306060.606
>>> L:792306060.606	250000000.0	100000	0.5
n=250000000.0, b=100000, p=0.75
1.0
1.0
0.75
1.0
0.75
0.75
0.75
1.0
1.0
2084412309.76
Global: 2084412309.76
>>> G:2084412309.76	250000000.0	100000	0.75
0.75
1.0
1.0
0.75
0.75
0.75
1.0
1.0
1.0
1105606060.61
1.0
1700000.0
Local: 1107306060.61
>>> L:1107306060.61	250000000.0	100000	0.75
n=250000000.0, b=100000, p=1.0
1.0
1.0
1.0
1.0
1.0
1.0
1.0
1.0
1.0
2725681059.48
Global: 2725681059.48
>>> G:2725681059.48	250000000.0	100000	1.0
1.0
1.0
1.0
1.0
1.0
1.0
1.0
1.0
1.0
1420606060.61
1.0
1700000.0
Local: 1422306060.61
>>> L:1422306060.61	250000000.0	100000	1.0
----- 1000000 -----
n=250000000.0, b=1000000, p=0.01
1.0
0.01
0.01
0.01
1.0
1.0
1.0
0.01
1.0
190846135.606
Global: 190846135.606
>>> G:190846135.606	250000000.0	1000000	0.01
1.0
1.0
1.0
0.01
0.01
1.0
0.01
1.0
0.01
177328560.606
1.0
17000000.0
Local: 194328560.606
>>> L:194328560.606	250000000.0	1000000	0.01
n=250000000.0, b=1000000, p=0.1
0.1
0.1
1.0
1.0
0.1
1.0
1.0
1.0
0.1
463006810.605
Global: 463006810.605
>>> G:463006810.605	250000000.0	1000000	0.1
0.1
1.0
1.0
1.0
1.0
1.0
0.1
0.1
0.1
327831060.606
1.0
17000000.0
Local: 344831060.606
>>> L:344831060.606	250000000.0	1000000	0.1
n=250000000.0, b=1000000, p=0.5
0.5
1.0
1.0
0.5
0.5
1.0
1.0
0.5
1.0
1672609810.6
Global: 1672609810.6
>>> G:1672609810.6	250000000.0	1000000	0.5
1.0
0.5
1.0
0.5
0.5
0.5
1.0
1.0
1.0
996731060.606
1.0
17000000.0
Local: 1013731060.61
>>> L:1013731060.61	250000000.0	1000000	0.5
n=250000000.0, b=1000000, p=0.75
0.75
1.0
0.75
1.0
1.0
1.0
1.0
0.75
0.75
2428611685.6
Global: 2428611685.6
>>> G:2428611685.6	250000000.0	1000000	0.75
0.75
1.0
1.0
0.75
1.0
1.0
1.0
0.75
0.75
1414793560.61
1.0
17000000.0
Local: 1431793560.61
>>> L:1431793560.61	250000000.0	1000000	0.75
n=250000000.0, b=1000000, p=1.0
1.0
1.0
1.0
1.0
1.0
1.0
1.0
1.0
1.0
3184613560.59
Global: 3184613560.59
>>> G:3184613560.59	250000000.0	1000000	1.0
1.0
1.0
1.0
1.0
1.0
1.0
1.0
1.0
1.0
1832856060.61
1.0
17000000.0
Local: 1849856060.61
>>> L:1849856060.61	250000000.0	1000000	1.0
----- 10000000 -----
n=250000000.0, b=10000000, p=0.01
1.0
0.01
1.0
1.0
0.01
1.0
0.01
1.0
0.01
198870068.106
Global: 198870068.106
>>> G:198870068.106	250000000.0	10000000	0.01
1.0
1.0
0.01
1.0
0.01
0.01
0.01
1.0
1.0
184328310.606
1.0
193636363.636
Local: 377964674.242
>>> L:377964674.242	250000000.0	10000000	0.01
n=250000000.0, b=10000000, p=0.1
0.1
1.0
1.0
0.1
1.0
1.0
1.0
0.1
0.1
543246135.606
Global: 543246135.606
>>> G:543246135.606	250000000.0	10000000	0.1
1.0
1.0
1.0
0.1
0.1
0.1
1.0
1.0
0.1
397828560.606
1.0
193636363.636
Local: 591464924.242
>>> L:591464924.242	250000000.0	10000000	0.1
n=250000000.0, b=10000000, p=0.5
0.5
0.5
1.0
1.0
1.0
1.0
0.5
0.5
1.0
2073806435.61
Global: 2073806435.61
>>> G:2073806435.61	250000000.0	10000000	0.5
0.5
0.5
1.0
1.0
0.5
1.0
1.0
1.0
0.5
1346718560.61
1.0
193636363.636
Local: 1540354924.24
>>> L:1540354924.24	250000000.0	10000000	0.5
n=250000000.0, b=10000000, p=0.75
0.75
1.0
1.0
1.0
1.0
0.75
1.0
0.75
0.75
3030406623.11
Global: 3030406623.11
>>> G:3030406623.11	250000000.0	10000000	0.75
0.75
0.75
0.75
1.0
1.0
0.75
1.0
1.0
1.0
1939774810.61
1.0
193636363.636
Local: 2133411174.24
>>> L:2133411174.24	250000000.0	10000000	0.75
n=250000000.0, b=10000000, p=1.0
1.0
1.0
1.0
1.0
1.0
1.0
1.0
1.0
1.0
3987006810.61
Global: 3987006810.61
>>> G:3987006810.61	250000000.0	10000000	1.0
1.0
1.0
1.0
1.0
1.0
1.0
1.0
1.0
1.0
2532831060.61
1.0
193636363.636
Local: 2726467424.24
>>> L:2726467424.24	250000000.0	10000000	1.0
----- 100000000 -----
n=250000000.0, b=100000000, p=0.01
0.01
0.01
1.0
1.0
1.0
0.01
0.01
1.0
1.0
201669961.356
Global: 201669961.356
>>> G:201669961.356	250000000.0	100000000	0.01
1.0
1.0
0.01
0.01
1.0
1.0
0.01
0.01
1.0
185028285.606
1.0
1936363636.36
Local: 2121391921.97
>>> L:2121391921.97	250000000.0	100000000	0.01
n=250000000.0, b=100000000, p=0.1
0.1
0.1
0.1
0.1
1.0
1.0
1.0
1.0
1.0
571245068.106
Global: 571245068.106
>>> G:571245068.106	250000000.0	100000000	0.1
0.1
0.1
0.1
1.0
1.0
1.0
1.0
0.1
1.0
404828310.606
1.0
1936363636.36
Local: 2341191946.97
>>> L:2341191946.97	250000000.0	100000000	0.1
n=250000000.0, b=100000000, p=0.5
1.0
1.0
1.0
0.5
0.5
0.5
1.0
1.0
0.5
2213801098.11
Global: 2213801098.11
>>> G:2213801098.11	250000000.0	100000000	0.5
0.5
0.5
1.0
0.5
1.0
0.5
1.0
1.0
1.0
1381717310.61
1.0
1936363636.36
Local: 3318080946.97
>>> L:3318080946.97	250000000.0	100000000	0.5
n=250000000.0, b=100000000, p=0.75
1.0
1.0
0.75
0.75
1.0
1.0
0.75
0.75
1.0
3240398616.86
Global: 3240398616.86
>>> G:3240398616.86	250000000.0	100000000	0.75
0.75
0.75
0.75
1.0
0.75
1.0
1.0
1.0
1.0
1992272935.61
1.0
1936363636.36
Local: 3928636571.97
>>> L:3928636571.97	250000000.0	100000000	0.75
n=250000000.0, b=100000000, p=1.0
1.0
1.0
1.0
1.0
1.0
1.0
1.0
1.0
1.0
4266996135.61
Global: 4266996135.61
>>> G:4266996135.61	250000000.0	100000000	1.0
1.0
1.0
1.0
1.0
1.0
1.0
1.0
1.0
1.0
2602828560.61
1.0
1936363636.36
Local: 4539192196.97
>>> L:4539192196.97	250000000.0	100000000	1.0
